|0000|013|0|01032019|31032019|NOVA DISTRIBUIDORA DE VEICULOS LTDA|72855505000300||SP|116562403114|3550308|32087942|000000000|A|0|
|0001|0|
|0005|NOVA FIAND|04545000|RUA DAS FIANDEIRAS, 116||F.s|VILA OLIMPIA|1130405500||nfe.n42@chevroletnova.com.br|
|0100|ANDREA JACINTO DA SILVA|17630500840|1SP203680/O-7||03945000|RUA VERCINIO PEREIRA DE SOUZA, 908|||SAO MATEUS|||andrea.jacinto@chevroletnova.com.br|3550308|
|0150|1599|MEIRE OVIDIA FLORESTA|1058||11560405821||3550308||AV  JOAO DIAS|2300||S AMARO|
|0150|2740|EDGARD PHILLIP GHANNOUN D. R. DE MELO|1058||33079002857||3550308||AV  SANTO AMARO|960||SANTO AMARO|
|0150|4298|MILTON SANCHES BELLOTI|1058||34835460812||3550308||R   ACACCIO FONTOURA|747||JD V ALEGRE|
|0150|4961|NAILSON SANTANA DA SILVA|1058||34909566805||3550308||R   BRIGADEIRO FREIRE REZENDE|81||JD TAMOIO|
|0150|5095|TAMIRES MENDES MARQUES|1058||43107160830||3550308||AV  JOAO DIAS|2300||SANTO AMARO|
|0150|A05479|DECIO CARREAO|1058||02279939851||3527306||R   ANGELO STECK|260||VILA NOVA|
|C100|0|1|F00065|55|00|001|1098187|35190360892858000130550010010981871156678882|11032019|12032019|846,03|0|475,89||1321,92|9|0||0|0|0|0|0|0||||| 
|C110|000263|Mensagens Dados Adicionais| 
|C170|1|13576846||1|PC|846,03|475,89|0|060|1403|110|0|0|0|0|0|0||||0|0|0||0|0|0|0|0||0|0|0|0|0||0| 
|C190|060|1403|0|846,03|0|0|0|0|0|0|| 
|C191|0|0|0|
|C100|1|0|S20825|55|00|055|140859|35190372855505000300550550001408591955062142|11032019|11032019|426,02|0|||385,83|9|0||0|162,55|19,5|223,28|40,19|0|5,53|25,46|0|0| 
|C101|0|9,76|0| 
|C110|000246|Mensagens Dados Adicionais| 
|C190|000|6108|12|162,55|162,55|19,5|0|0|0|0|| 
|C190|030|6656|0|263,47|0|0|223,28|40,19|0|0|| 
|C191|0|0|0|
|C100|1|0|S20825|55|00|055|140859|35190372855505000300550550001408591955062142|11032019|11032019|426,02|0|||385,83|9|0||0|162,55|19,5|223,28|40,19|0|5,53|25,46|0|0| 
|C101|0|9,76|0| 
|C110|000246|Mensagens Dados Adicionais| 
|C190|000|6108|12|162,55|162,55|19,5|0|0|0|0|| 
|C190|030|6656|0|263,47|0|0|223,28|40,19|0|0|| 
|C191|0|0|0|
|C100|1|0|S20825|55|00|055|140859|35190372855505000300550550001408591955062142|11032019|11032019|426,02|0|||385,83|9|0||0|162,55|19,5|223,28|40,19|0|5,53|25,46|0|0| 
|C101|0|9,76|0| 
|C110|000246|Mensagens Dados Adicionais| 
|C190|030|6656|0|263,47|0|0|223,28|40,19|0|0|| 
|C190|000|6108|12|162,55|162,55|19,5|0|0|0|0|| 
|C191|0|0|0|